1|230|561|red
1|149|1843|orange
1|235|1837|yellow
1|1721|1391|green
1|1531|846|forest green
2|1208|882|sky blue
2|987|1605|blue
2|106|681|navy
2|1638|1810|lavender
2|1333|867|magenta
3|971|1702|purple
3|1203|437|teal
3|952|1965|orchid
3|1660|768|coral
3|1516|479|heather gray
4|1053|897|charcoal
4|936|251|black
4|1534|677|pink
4|45|1107|cerulean
4|1252|1485|honey
5|1656|350|crimson
5|1639|843|rust
5|1946|1222|mustard
5|1283|1730|saffron
5|684|471|slate
6|711|179|steel
6|212|1138|hunter
6|1128|1640|ecru
6|1991|893|lilac
6|1379|734|seafoam
7|1397|1471|dove
7|1530|1859|blue
7|173|846|red
7|579|1287|orange
7|1635|661|gold
8|1528|458|buttercup
8|250|647|aqua
8|576|160|clover
8|419|207|ebony
8|1003|1603|ivory
9|655|126|marigold
9|696|188|peat
9|797|1455|bark
9|1680|879|cherry
9|587|247|driftwood
10|195|553|camel
10|667|345|tan
10|1287|1528|beige
10|1471|1128|taupe
10|1640|711|mauve